accuracy: 0.91
classification_report:
  '0':
    f1-score: 0.8732394366197183
    precision: 0.96875
    recall: 0.7948717948717948
    support: 39.0
  '1':
    f1-score: 0.9302325581395349
    precision: 0.8823529411764706
    recall: 0.9836065573770492
    support: 61.0
  accuracy: 0.91
  macro avg:
    f1-score: 0.9017359973796266
    precision: 0.9255514705882353
    recall: 0.889239176124422
    support: 100.0
  weighted avg:
    f1-score: 0.9080052407468063
    precision: 0.9160477941176469
    recall: 0.91
    support: 100.0
model_path: artifact\07_04_2025_00_16_01\model_trainer\risk_classifier.pkl
roc_auc: 0.98192517864649
